15 4
2 3 2 3
# Stage 1
12 33
47 48
11 24
42 30
40 28
37 50
34 11
20 43
48 33
34 35
16 47
41 44
26 49
18 46
19 18
# Stage 2
34 45 19
47 37 42
21 47 37
33 46 43
42 24 25
27 35 23
36 38 10
50 39 38
11 34 13
49 31 38
43 12 39
45 46 11
29 10 29
32 33 33
48 26 11
# Stage 3
40 20
18 13
37 27
20 10
26 36
25 19
46 12
17 12
27 30
23 19
46 25
12 46
45 21
11 16
20 38
# Stage 4
44 21 15
38 20 44
45 34 20
48 36 42
36 25 35
18 16 13
24 19 11
11 38 17
11 46 26
50 48 22
32 30 40
35 34 45
35 21 34
31 33 35
23 36 46
