20 4
1 2 3 4
# Stage 1
33
39
34
22
29
13
36
25
28
29
38
41
24
15
31
29
24
31
44
13
# Stage 2
10 36
47 48
34 25
31 44
39 11
14 50
35 19
16 25
50 15
29 46
16 42
16 10
11 23
41 41
21 49
48 36
38 44
37 21
10 46
40 34
# Stage 3
22 39 47
33 37 19
45 48 21
48 47 46
11 18 44
17 48 49
11 48 19
15 43 43
34 34 34
17 19 12
45 13 41
14 24 12
49 29 38
47 15 42
15 13 30
30 17 16
37 17 14
32 37 35
41 38 31
49 33 13
# Stage 4
28 34 50 44
12 24 30 17
24 41 22 36
29 43 29 20
42 29 38 42
10 23 44 49
41 37 41 43
23 16 36 28
39 50 40 16
17 20 24 29
22 42 45 49
41 26 38 42
49 43 21 15
39 26 20 38
40 30 25 19
10 16 41 15
37 29 46 11
35 15 27 24
48 32 21 19
18 15 13 22
