20 4
4 3 2 1
# Stage 1
22 16 29 26
37 12 19 35
22 40 34 44
10 25 21 32
37 31 50 36
21 21 33 33
13 23 16 22
19 39 28 19
48 43 26 20
50 42 34 15
42 10 17 39
33 24 37 15
36 36 22 18
10 46 33 30
44 45 29 17
45 42 50 13
23 35 20 10
11 16 38 36
18 15 29 22
38 39 42 35
# Stage 2
37 18 14
18 23 37
40 25 40
17 15 23
47 11 29
30 24 19
30 29 24
16 40 19
15 46 50
11 35 10
41 12 31
35 24 34
10 35 14
40 20 44
28 38 13
40 46 32
32 32 41
20 19 36
33 40 43
36 13 44
# Stage 3
18 50
14 41
44 44
31 49
39 44
30 22
19 19
33 19
14 26
33 37
12 10
50 47
41 45
45 26
43 42
37 47
49 48
47 36
45 23
28 11
# Stage 4
26
39
30
18
42
20
31
36
50
36
28
39
49
24
49
38
33
43
20
21
