20 4
2 2 2 2
# Stage 1
27 35
44 36
33 33
44 35
33 11
45 34
24 49
13 34
25 20
43 46
10 19
38 49
18 20
24 33
32 47
21 50
23 27
26 15
30 16
11 10
# Stage 2
19 43
28 29
33 49
47 11
30 41
16 25
50 41
44 33
42 13
38 22
27 30
40 32
10 42
12 34
23 17
16 10
20 12
48 27
32 40
10 45
# Stage 3
15 31
39 18
40 36
18 20
23 37
34 19
16 14
19 35
26 42
31 29
44 45
39 22
47 20
46 45
31 37
45 27
17 46
11 28
33 34
36 10
# Stage 4
25 14
32 23
45 27
26 30
49 28
32 48
20 17
23 19
21 21
17 39
27 11
41 21
17 16
22 48
50 13
22 27
31 30
14 31
20 24
30 35
