20 4
3 3 3 3
# Stage 1
41 39 15
18 34 12
13 23 22
21 29 15
13 36 19
32 29 45
22 40 50
24 38 20
12 11 11
39 32 34
46 21 45
30 40 39
48 30 38
24 18 36
50 42 45
21 46 18
10 33 38
22 38 49
12 17 40
47 45 37
# Stage 2
19 23 27
26 16 30
14 20 16
49 36 47
48 14 21
26 39 27
30 36 41
20 46 31
50 47 25
45 47 29
48 11 42
37 38 50
35 16 13
39 17 47
39 20 13
40 27 40
14 43 35
13 37 49
19 47 38
34 14 28
# Stage 3
34 30 34
20 24 15
12 50 16
42 42 13
26 13 41
37 17 13
47 45 25
48 36 36
16 14 45
28 45 28
40 23 42
19 25 38
37 44 24
16 31 24
32 38 38
47 33 11
20 43 47
33 46 41
37 40 28
39 18 32
# Stage 4
48 19 28
44 24 26
18 19 39
32 25 36
37 13 14
23 30 27
30 20 44
11 47 19
22 20 28
14 36 21
38 28 42
44 11 21
49 22 30
13 39 20
30 13 14
11 20 10
32 13 50
34 28 39
45 41 34
47 31 26
