20 5
1 2 2 2 1
# Stage 1
22
49
16
30
22
24
39
32
47
24
34
44
44
24
47
48
46
39
48
37
# Stage 2
17 10
45 14
37 40
49 38
40 24
24 18
36 17
32 20
10 34
46 19
42 45
24 12
39 31
20 13
26 16
36 20
21 33
37 45
20 25
25 33
# Stage 3
21 27
19 40
38 16
20 13
27 30
22 21
11 32
34 45
44 18
21 18
18 48
28 33
26 21
44 26
12 35
14 47
42 19
42 42
44 43
48 27
# Stage 4
24 46
37 38
31 49
50 25
24 36
49 40
28 25
29 40
32 42
41 19
40 26
39 23
20 22
41 30
22 31
14 25
48 22
47 30
17 12
48 11
# Stage 5
18
46
36
15
13
11
21
35
26
45
41
14
11
10
20
46
15
27
19
13
