20 5
2 2 2 2 2
# Stage 1
35 22
31 21
50 10
43 10
31 39
18 24
17 18
48 21
38 36
30 37
18 29
20 17
39 31
13 19
25 38
22 24
21 10
25 43
39 43
11 41
# Stage 2
34 42
34 40
42 14
41 19
34 10
18 18
37 29
11 18
16 45
43 15
34 28
31 23
37 33
42 11
39 32
46 30
48 49
48 34
20 32
29 37
# Stage 3
43 46
31 36
40 12
50 29
37 24
36 32
12 13
30 25
42 38
28 15
45 13
29 19
12 32
45 22
24 11
37 40
18 50
34 12
42 18
40 29
# Stage 4
49 49
28 15
28 43
46 38
22 27
10 12
30 20
22 34
48 21
40 43
35 46
34 25
12 29
33 30
35 33
33 38
35 50
35 44
31 48
35 20
# Stage 5
29 22
33 21
29 41
30 36
43 47
36 23
11 31
18 11
21 16
38 35
29 23
30 38
18 40
25 23
20 29
20 31
43 13
17 29
20 14
24 31
