20 5
2 2 2 2 2
# Stage 1
15 48
26 18
32 14
19 36
31 23
29 31
14 46
20 39
49 10
24 19
47 39
13 45
30 15
14 36
40 15
35 27
31 18
10 11
19 42
24 15
# Stage 2
19 31
10 50
32 49
45 20
29 45
21 44
41 35
40 31
45 43
28 23
45 42
29 42
49 25
50 46
48 32
37 26
20 42
29 25
33 45
45 12
# Stage 3
38 18
29 29
47 47
28 14
45 37
22 37
48 38
13 50
18 25
29 39
10 43
13 38
23 26
34 31
13 50
26 49
17 36
10 46
16 42
42 34
# Stage 4
13 15
18 19
27 48
11 49
37 26
25 23
18 47
47 13
12 11
27 30
35 36
28 37
40 38
18 29
37 12
30 43
16 36
40 39
42 20
23 44
# Stage 5
21 18
50 26
21 42
36 24
10 36
47 29
31 18
31 36
24 35
14 27
23 37
13 47
35 30
48 49
41 44
13 23
37 22
21 16
34 50
38 23
