30 3
1 4 3
# Stage 1
23
15
40
46
47
29
50
32
38
46
29
26
41
27
33
14
44
19
12
50
34
33
39
16
18
44
43
21
13
14
# Stage 2
11 17 42 28
23 17 16 37
14 10 10 15
25 20 11 45
37 42 14 40
30 31 46 27
21 48 33 29
38 30 44 46
37 41 44 13
41 31 45 41
37 44 21 26
22 29 13 47
35 40 20 17
45 19 45 45
18 24 45 29
23 21 50 32
28 27 34 17
32 13 29 41
50 50 48 10
36 17 46 41
35 18 11 19
36 46 49 42
15 34 30 48
34 10 15 29
45 37 16 22
12 19 44 14
15 33 40 50
20 34 35 23
13 35 20 39
38 13 39 48
# Stage 3
48 34 24
15 26 36
40 17 25
50 32 41
36 30 48
47 19 16
40 26 35
18 44 31
20 32 35
33 21 48
26 43 13
24 20 11
42 29 23
14 21 42
18 38 24
29 31 29
41 23 37
34 33 20
18 49 48
10 15 40
26 42 32
30 45 25
43 12 49
37 27 22
41 47 40
10 30 31
34 40 30
47 18 13
29 35 28
17 36 41
