30 3
2 3 4
# Stage 1
41 46
32 17
15 32
19 21
35 17
20 47
12 49
45 17
49 33
35 17
14 23
24 40
20 47
28 48
28 31
23 40
14 14
13 20
48 16
15 15
28 10
23 46
22 46
34 19
30 38
15 41
35 20
45 19
44 15
26 32
# Stage 2
49 15 42
10 29 45
11 36 42
13 11 49
38 10 10
42 36 18
42 29 44
18 27 50
24 12 32
12 20 14
30 23 40
13 44 32
47 27 21
37 31 47
43 35 28
18 10 27
12 34 43
10 20 44
33 40 11
31 42 46
32 12 10
47 48 15
29 16 44
12 28 17
19 38 44
14 41 41
50 37 21
22 49 19
37 43 19
24 39 13
# Stage 3
41 36 21 29
34 40 22 35
38 37 14 40
36 13 37 25
49 10 50 31
32 17 12 16
48 22 43 30
23 46 22 21
30 26 24 29
43 25 43 37
21 14 32 19
21 13 23 15
19 25 27 48
34 25 27 18
23 46 26 30
28 38 50 28
11 33 32 43
50 18 33 16
32 42 25 44
19 18 21 25
14 12 18 16
46 40 11 47
28 21 46 15
18 48 24 37
14 41 50 34
48 32 27 48
11 18 13 47
43 11 47 33
45 10 21 39
19 24 40 19
