30 3
4 3 2
# Stage 1
44 21 17 27
29 37 11 41
33 29 37 48
27 44 11 37
10 37 32 39
32 23 12 36
39 20 26 18
15 29 40 27
14 33 37 50
32 12 44 11
27 24 12 38
31 25 26 20
13 20 40 46
23 40 11 23
45 42 16 48
48 28 12 18
45 50 18 23
22 12 36 47
49 49 20 24
20 24 40 20
42 37 23 31
33 36 19 42
48 18 49 30
50 37 18 39
19 45 31 30
29 42 13 50
30 31 22 49
10 42 23 19
22 50 47 19
18 29 41 38
# Stage 2
23 11 38
35 34 16
10 18 49
19 32 25
35 15 13
16 16 13
38 15 49
38 27 16
29 45 37
33 38 11
21 48 49
40 28 36
31 11 46
45 15 15
44 25 43
25 28 42
40 41 31
40 15 39
17 28 25
11 13 26
45 15 23
20 45 34
26 22 34
47 48 31
18 28 33
43 24 18
28 40 47
23 34 45
41 32 42
24 13 48
# Stage 3
24 19
37 28
20 19
30 17
49 16
23 38
42 45
22 29
11 34
50 41
12 36
15 41
16 50
48 39
35 36
45 34
22 44
40 19
40 43
33 20
15 16
35 19
26 39
41 41
36 14
31 45
26 13
48 20
16 24
24 39
