30 4
1 3 3 1
# Stage 1
35
34
22
48
21
24
25
18
15
26
34
43
44
15
49
41
22
36
49
47
23
33
34
23
19
39
21
46
31
15
# Stage 2
43 15 40
30 35 12
27 45 10
37 23 33
44 15 39
43 22 48
39 13 32
18 23 20
38 48 21
42 21 12
17 11 20
40 36 15
37 50 15
19 29 49
10 34 31
18 43 35
22 13 50
23 38 26
44 35 18
32 40 13
18 48 19
48 36 17
16 17 19
28 21 21
36 19 23
45 30 41
24 26 17
33 21 14
42 28 10
47 13 31
# Stage 3
23 34 35
31 35 34
36 33 44
15 21 12
33 35 38
24 29 24
29 16 30
23 25 34
28 38 15
38 36 26
14 42 28
30 40 44
18 26 37
28 36 49
20 28 34
48 49 38
22 34 31
22 32 10
32 28 22
20 50 26
36 24 36
32 35 10
17 42 44
22 10 43
29 20 42
38 23 26
36 39 45
43 50 49
50 48 28
22 11 16
# Stage 4
29
14
47
12
13
36
29
33
45
50
47
46
28
22
16
35
35
21
26
39
31
18
18
38
34
36
45
21
33
26
