30 4
1 3 3 1
# Stage 1
19
39
39
21
35
32
37
42
17
44
17
15
39
26
13
23
31
24
29
23
21
19
22
32
33
50
36
23
35
39
# Stage 2
45 27 34
20 50 17
21 10 48
35 19 46
20 22 20
11 25 38
50 34 18
49 45 13
48 25 49
42 28 47
31 43 31
44 33 40
35 13 16
29 37 26
25 37 42
41 47 26
19 13 47
30 20 13
27 17 13
48 24 29
43 49 23
46 32 31
39 10 17
40 22 43
17 48 23
12 34 16
35 19 49
40 44 12
38 20 13
40 13 22
# Stage 3
25 20 16
12 18 23
15 17 26
14 35 12
44 37 40
38 31 39
43 22 48
47 26 36
19 23 36
14 48 27
35 26 16
22 24 13
34 27 10
27 29 12
11 45 28
24 35 10
15 24 29
50 11 15
47 32 30
38 12 21
15 11 49
32 45 19
20 10 10
30 42 35
21 34 34
38 22 23
20 48 46
45 27 14
50 39 50
18 37 47
# Stage 4
47
42
17
29
18
17
47
49
24
13
35
39
37
32
15
14
12
38
36
11
46
19
40
16
15
28
50
16
45
46
