30 4
2 4 4 2
# Stage 1
19 49
32 20
45 48
21 34
28 49
37 46
47 12
43 44
49 43
21 34
38 24
42 18
15 13
21 48
46 38
42 24
43 43
19 41
49 36
50 40
14 25
49 15
31 34
22 42
37 48
37 35
18 20
33 23
14 47
25 50
# Stage 2
28 37 18 45
49 38 27 30
50 40 50 44
38 50 42 23
35 25 23 48
47 44 49 20
44 33 43 13
35 17 40 21
29 14 43 34
26 36 21 23
30 38 22 20
24 43 36 18
19 48 40 44
24 10 15 25
34 27 19 17
17 19 10 36
27 30 27 38
36 25 37 22
29 22 11 39
22 39 46 23
24 26 15 20
34 40 18 10
26 27 36 24
21 37 25 20
14 50 17 40
17 20 27 20
21 13 22 19
18 38 48 35
40 14 31 44
18 39 39 25
# Stage 3
18 10 26 47
27 45 19 40
22 14 15 45
22 38 11 26
42 40 45 47
48 20 40 26
27 16 21 26
45 15 16 17
23 19 14 21
35 24 50 36
18 31 40 27
32 26 38 25
23 40 23 35
16 12 31 32
41 44 15 48
13 39 23 11
38 11 17 29
43 11 13 40
35 13 38 22
38 34 50 24
26 30 21 27
22 17 50 22
28 15 17 45
26 28 42 22
23 15 11 21
44 24 25 48
27 10 23 38
48 35 49 25
48 47 20 35
41 42 10 44
# Stage 4
11 37
28 42
14 43
25 31
36 16
35 15
37 15
41 40
24 33
10 16
28 10
30 41
42 50
50 12
21 22
23 34
25 34
31 44
19 42
10 15
42 43
28 48
12 41
34 33
37 12
11 40
32 49
44 33
27 28
16 25
