30 4
1 2 3 4
# Stage 1
39
23
14
48
17
34
39
31
17
41
15
18
24
47
11
12
24
16
18
48
43
28
21
36
47
36
24
46
49
25
# Stage 2
15 33
22 47
23 49
42 40
26 28
23 43
39 43
22 43
28 12
40 19
18 36
42 26
16 40
32 16
15 29
41 17
46 16
34 28
11 45
40 48
49 35
34 38
26 14
21 38
12 30
28 10
44 25
46 25
49 24
24 34
# Stage 3
19 47 15
34 11 40
39 31 15
45 19 12
30 27 24
44 16 39
29 35 21
21 27 33
43 48 12
49 50 41
32 18 31
50 14 11
49 34 50
20 36 37
28 28 48
44 30 36
26 27 43
12 35 48
38 31 36
19 18 39
38 46 44
47 10 17
41 11 31
19 25 48
39 34 17
26 10 48
45 44 17
49 13 18
19 43 32
13 45 26
# Stage 4
25 26 37 15
28 34 47 40
29 22 36 46
42 39 47 24
31 16 32 28
49 42 28 15
40 39 35 13
27 41 11 18
21 43 16 48
25 30 28 32
34 31 22 17
16 14 30 39
27 19 38 30
30 27 16 45
35 17 29 29
20 40 31 43
30 38 45 27
12 19 41 20
36 10 27 50
50 32 37 16
27 32 17 26
45 12 11 39
44 22 33 28
11 31 26 16
33 10 49 27
32 19 22 39
29 36 23 23
28 47 23 47
39 30 15 20
29 37 25 31
