30 4
1 2 3 4
# Stage 1
11
22
24
35
31
10
18
11
20
16
19
17
14
31
33
13
22
47
26
35
30
49
20
50
29
36
12
39
38
44
# Stage 2
25 26
21 46
12 16
12 48
17 20
26 45
36 31
14 32
49 44
22 16
12 39
45 40
50 18
24 19
21 43
21 12
44 34
12 19
39 20
23 49
38 15
13 19
14 10
18 25
17 14
40 49
45 36
50 45
40 44
22 37
# Stage 3
29 11 11
41 43 50
43 11 47
11 26 11
22 41 38
17 15 22
47 25 47
15 49 29
16 46 20
50 14 10
36 23 20
34 31 44
21 25 15
21 23 24
25 47 15
22 50 13
34 42 24
42 43 25
40 22 41
10 14 28
46 15 35
24 45 14
12 41 13
35 23 34
49 49 38
27 14 42
18 42 32
12 47 20
39 10 21
45 27 37
# Stage 4
11 26 32 43
39 12 21 20
20 41 17 29
13 29 10 14
38 31 17 25
44 41 16 33
25 14 27 16
30 30 40 38
37 42 23 49
24 19 46 33
20 16 47 30
19 37 29 47
24 23 25 16
43 33 46 19
19 25 12 31
18 23 10 28
48 39 21 23
14 45 28 21
10 28 44 49
12 19 36 17
48 44 25 15
36 33 25 20
43 22 17 43
30 40 26 37
30 40 13 50
38 27 49 47
13 35 30 42
20 34 16 31
26 44 18 49
12 29 10 41
