30 4
4 3 2 1
# Stage 1
40 11 45 43
40 13 26 14
22 41 33 37
38 28 24 39
27 40 18 21
27 33 41 32
14 28 32 31
21 18 37 15
12 15 30 16
21 33 38 45
29 48 26 41
38 37 25 19
19 41 23 19
25 22 30 46
45 23 18 30
27 18 47 50
32 45 38 44
34 23 36 25
50 43 33 34
34 18 20 47
12 32 44 43
14 16 44 40
41 43 24 45
10 23 16 36
17 33 24 28
23 18 50 11
14 44 29 27
16 31 39 10
37 42 44 22
16 29 27 12
# Stage 2
28 10 41
23 28 20
12 48 30
10 43 20
43 31 30
17 12 27
44 12 17
22 46 45
33 49 43
36 13 32
30 22 39
25 48 30
44 32 34
49 10 36
31 35 13
42 28 19
43 40 36
26 17 27
22 31 26
43 12 29
20 33 19
15 44 50
39 38 38
46 22 19
38 17 11
50 48 15
47 48 44
48 38 39
15 15 47
32 35 23
# Stage 3
23 17
24 11
26 49
47 36
10 13
31 27
41 12
13 14
15 35
27 44
32 39
20 39
47 49
28 24
42 22
42 46
10 18
50 21
46 32
40 44
13 12
24 17
47 31
27 29
35 49
11 13
11 16
41 48
11 31
32 34
# Stage 4
47
16
49
15
48
41
37
38
20
39
19
21
37
42
41
32
45
32
42
41
12
17
16
25
43
41
21
37
24
29
