30 4
2 3 3 2
# Stage 1
18 15
34 27
34 22
15 29
23 21
22 30
22 17
22 15
45 37
16 44
30 34
23 50
49 13
46 38
12 32
31 25
22 42
41 23
11 14
40 46
17 35
21 31
25 38
50 10
32 21
24 48
33 45
21 11
24 47
40 41
# Stage 2
22 16 43
19 13 49
21 46 18
31 26 11
14 30 19
35 12 38
35 30 27
44 41 14
28 42 34
13 34 39
21 21 21
22 45 50
47 19 35
25 11 30
14 28 34
17 38 14
45 23 19
50 42 12
16 45 42
16 14 33
39 37 37
34 30 16
48 20 45
49 37 11
49 40 19
36 48 17
45 40 50
15 15 41
22 49 14
36 35 44
# Stage 3
50 49 50
44 17 35
48 36 45
21 42 38
50 17 20
14 34 11
12 45 21
34 20 13
14 27 10
13 47 29
34 13 47
24 38 12
47 26 39
22 26 12
24 35 29
49 36 31
26 42 12
21 48 10
19 32 18
10 46 20
36 34 38
45 41 42
34 20 30
29 31 17
18 28 23
17 32 44
32 41 26
46 28 15
36 24 11
30 50 37
# Stage 4
49 32
13 44
22 38
19 36
41 43
50 35
17 41
28 38
27 11
36 30
49 49
41 17
14 46
10 43
46 24
48 11
45 15
32 36
24 17
18 35
38 30
50 15
13 27
43 46
23 26
26 26
28 39
21 24
11 32
41 27
