30 4
3 3 3 3
# Stage 1
27 24 39
38 45 13
16 24 42
41 29 46
43 15 25
38 42 27
37 20 29
45 43 30
14 43 21
50 10 31
49 22 18
48 21 35
38 19 37
33 19 21
12 11 35
34 50 40
17 27 23
39 43 46
17 13 27
39 32 47
40 11 13
36 14 40
29 22 33
35 24 49
26 41 11
41 42 36
29 47 22
44 47 48
17 31 17
15 47 25
# Stage 2
12 26 32
46 19 32
20 27 49
19 26 37
39 42 38
41 24 16
26 37 14
13 14 12
22 18 41
38 16 16
21 10 49
35 19 17
19 20 17
20 17 40
34 49 20
31 11 26
24 18 13
14 30 13
19 36 23
44 11 24
27 24 27
26 26 13
30 24 24
41 50 14
13 18 47
33 25 34
17 16 18
16 42 26
46 47 46
48 46 43
# Stage 3
42 20 49
16 31 39
40 11 13
30 42 11
10 50 32
42 44 50
47 48 30
12 29 48
10 11 20
25 22 31
47 43 32
15 46 46
16 39 13
11 36 13
25 42 29
29 12 32
35 12 13
32 34 27
34 20 14
21 22 46
15 27 46
37 11 45
44 29 28
49 48 31
49 37 30
37 43 29
36 34 42
12 47 23
30 15 37
27 14 47
# Stage 4
14 18 11
11 27 26
47 44 46
37 41 27
47 43 26
17 28 33
21 27 32
17 16 44
35 48 15
27 50 44
27 22 48
23 50 17
10 15 32
38 12 21
10 16 23
44 24 30
14 35 22
34 39 45
45 15 17
35 38 22
39 32 46
18 11 25
42 17 48
20 32 49
37 30 21
29 19 34
35 23 34
24 45 33
11 36 19
37 46 40
