30 5
2 3 4 3 2
# Stage 1
11 27
11 40
45 32
25 37
11 14
29 18
48 29
41 28
29 37
31 35
22 39
34 29
12 43
32 21
49 24
48 27
41 39
20 27
36 27
22 22
11 12
38 21
12 46
29 43
49 18
19 11
20 40
15 43
16 43
48 17
# Stage 2
23 30 44
49 48 29
18 13 39
16 47 25
49 25 40
22 16 50
19 27 48
29 33 25
14 50 18
21 25 41
20 48 23
29 28 33
25 10 11
36 23 47
36 36 46
21 32 23
33 12 34
38 38 48
30 46 43
38 20 26
39 25 20
49 22 25
40 22 41
21 28 41
40 44 46
27 28 39
34 13 32
48 49 49
47 41 24
32 41 27
# Stage 3
49 13 39 33
16 27 42 19
50 23 12 43
26 19 41 43
28 47 12 32
42 32 27 19
26 48 50 31
29 25 10 47
16 24 22 36
36 26 45 32
17 22 20 36
19 41 36 39
27 31 27 10
21 22 13 15
11 16 33 37
39 25 46 10
33 48 37 42
50 21 32 42
21 40 29 42
46 25 35 39
45 33 15 33
49 43 11 46
38 15 19 29
18 12 11 42
29 38 43 22
17 22 36 37
22 43 20 27
47 15 12 36
26 29 35 37
14 36 38 25
# Stage 4
29 47 35
26 26 47
32 31 31
47 11 23
38 49 49
30 48 17
17 34 40
15 42 17
41 38 20
47 33 45
11 46 18
34 45 23
10 30 49
24 24 27
14 44 29
40 41 29
33 16 46
24 27 24
19 17 31
41 45 38
24 34 42
43 17 12
18 10 38
42 31 28
39 47 17
15 16 26
20 10 42
14 13 33
33 15 12
14 15 40
# Stage 5
35 23
16 34
11 25
11 23
17 22
42 36
35 46
16 14
24 27
27 11
42 28
26 37
21 50
30 44
15 26
34 40
46 40
17 25
50 43
22 40
33 26
45 15
16 38
41 36
12 46
44 50
13 35
29 40
30 27
31 13
