15 4
2 3 2 3
# Stage 1
45 10
40 43
29 44
36 24
16 33
49 14
31 26
46 23
11 46
23 13
47 45
18 34
11 19
34 25
21 16
# Stage 2
49 22 45
23 38 21
34 18 14
23 43 21
22 21 18
45 41 50
33 10 12
47 33 10
46 10 43
45 16 49
41 34 33
40 33 22
42 39 45
41 12 23
21 31 39
# Stage 3
19 10
22 29
19 47
26 39
10 18
11 48
28 42
20 42
15 13
47 28
48 35
25 13
42 40
50 44
29 49
# Stage 4
23 13 36
18 20 49
44 46 19
43 50 11
12 12 41
26 16 42
18 12 26
19 47 46
17 35 24
23 47 17
30 18 44
18 45 17
24 36 35
16 22 25
28 16 48
