15 4
4 4 4 4
# Stage 1
47 22 23 22
12 22 38 35
32 28 26 38
49 36 28 47
16 10 41 23
40 14 38 45
34 33 13 16
18 29 12 21
28 29 21 49
48 25 14 20
22 38 18 18
18 24 11 26
26 16 40 42
47 27 47 31
47 35 18 28
# Stage 2
26 23 39 22
49 24 39 49
49 15 21 15
41 29 30 38
41 26 41 18
14 18 12 43
24 12 28 13
12 23 46 14
17 13 41 13
45 27 41 48
31 30 42 13
32 14 18 19
23 23 33 36
16 41 19 23
46 23 11 12
# Stage 3
19 46 13 33
36 33 41 15
33 13 43 35
49 35 39 36
15 31 17 46
23 34 18 47
17 20 50 34
17 12 23 16
42 35 50 25
29 45 39 13
34 45 13 20
28 17 44 29
17 37 11 38
49 12 47 22
41 27 16 33
# Stage 4
33 18 25 16
17 18 31 36
37 30 19 50
23 38 29 45
26 33 15 35
47 30 10 19
32 20 15 47
31 43 20 42
22 40 25 24
32 24 18 11
39 43 42 40
44 19 38 20
11 21 48 19
48 30 48 14
19 22 39 48
