20 3
4 4 4
# Stage 1
49 42 17 30
17 29 21 23
32 17 38 39
43 27 38 20
30 27 42 49
10 42 12 18
24 38 19 48
36 25 27 26
37 10 45 22
20 46 13 23
31 12 11 11
16 35 46 41
35 19 20 48
21 37 39 39
34 49 16 24
21 13 38 41
18 40 19 22
29 11 28 45
29 42 29 30
21 33 17 22
# Stage 2
46 21 44 32
36 24 50 30
15 17 48 40
23 18 49 29
28 44 18 13
45 49 40 50
15 29 40 15
35 12 22 21
36 41 42 18
46 38 19 42
28 43 26 39
45 37 22 46
48 21 25 28
20 22 34 48
29 17 27 19
48 34 20 40
16 48 25 11
50 31 19 22
12 18 21 36
49 25 15 39
# Stage 3
23 36 19 10
20 25 17 34
16 45 35 46
28 30 33 43
27 48 32 22
15 21 28 44
41 44 23 25
38 14 23 38
11 13 44 48
34 39 36 12
41 26 40 49
35 38 45 22
10 34 16 11
15 32 35 40
12 26 37 12
16 19 41 50
49 23 48 25
13 33 46 23
16 23 23 30
10 18 23 26
