20 4
1 2 3 4
# Stage 1
38
47
37
39
12
42
40
32
16
30
15
26
27
41
32
48
41
27
36
11
# Stage 2
34 44
46 39
22 18
22 19
29 41
48 20
39 11
29 49
13 14
13 27
30 22
13 15
36 17
29 33
43 17
39 28
28 46
23 25
34 50
10 11
# Stage 3
29 30 38
28 11 43
20 45 45
38 10 27
45 30 21
32 26 37
41 41 17
35 26 33
42 42 39
32 16 28
34 35 31
11 42 44
41 30 49
33 36 48
14 33 46
18 46 11
35 42 49
45 28 22
32 38 22
19 43 25
# Stage 4
12 37 38 31
40 23 10 37
32 15 33 19
19 26 23 26
41 37 41 45
21 34 19 35
17 32 25 23
49 10 44 33
42 40 27 40
23 33 18 44
31 38 12 23
35 27 29 12
20 14 34 25
30 21 46 42
11 22 40 43
33 31 21 31
49 43 19 13
13 33 22 27
20 48 20 22
21 34 17 43
