20 4
4 3 2 1
# Stage 1
26 30 22 25
22 17 28 40
45 49 25 19
45 50 42 10
27 11 41 21
22 42 34 21
31 30 17 15
45 26 44 40
23 24 22 14
15 22 45 38
48 44 14 16
23 31 15 16
46 39 15 44
16 27 38 50
45 17 32 43
13 35 47 48
43 25 24 46
40 35 18 34
10 12 13 41
50 12 32 37
# Stage 2
17 26 42
46 41 13
40 16 19
29 43 15
11 41 32
36 46 10
13 40 19
11 10 25
15 39 17
34 40 16
18 25 26
23 15 20
20 19 11
13 24 42
34 46 48
36 41 42
27 48 16
40 49 36
28 44 27
28 39 22
# Stage 3
11 47
41 14
12 11
19 10
15 16
42 23
15 37
20 16
34 28
39 41
44 35
22 37
26 28
15 43
30 30
22 27
33 40
43 35
42 44
35 26
# Stage 4
34
45
29
15
27
16
19
18
33
13
23
47
49
45
48
47
13
43
11
47
