20 4
2 2 2 2
# Stage 1
19 38
32 48
20 25
25 41
19 14
32 11
22 17
41 29
21 36
40 33
49 15
34 16
26 41
12 31
39 15
13 39
16 50
17 25
21 35
27 32
# Stage 2
24 30
39 27
21 14
12 47
45 33
13 19
30 23
27 31
11 43
50 20
42 49
43 50
11 49
45 33
11 37
17 10
10 24
35 38
41 24
23 33
# Stage 3
25 45
45 23
19 40
15 44
13 33
45 19
41 47
14 21
46 40
22 17
18 28
37 26
38 25
22 26
26 25
21 16
12 47
26 41
10 17
10 35
# Stage 4
29 32
30 34
44 27
29 42
28 29
18 31
27 19
19 24
43 16
34 48
43 32
44 18
46 40
50 39
44 14
40 39
19 41
38 35
45 29
49 15
