20 4
2 2 2 2
# Stage 1
42 39
31 45
44 34
40 11
20 19
38 48
10 30
28 32
24 29
18 48
14 23
42 29
47 45
21 31
21 34
24 38
25 38
11 45
37 32
28 32
# Stage 2
27 47
32 16
20 13
37 29
27 21
24 39
16 24
22 17
21 49
29 34
12 11
35 44
21 18
17 34
34 25
12 47
32 10
24 33
39 36
29 16
# Stage 3
36 12
37 22
16 11
43 40
22 32
28 46
46 11
40 42
34 42
31 22
27 35
26 37
44 47
19 47
12 43
12 20
14 25
26 13
29 42
23 20
# Stage 4
38 20
14 25
46 35
29 33
23 24
24 31
32 42
16 29
34 29
41 15
37 17
14 19
33 23
26 43
46 39
18 48
22 50
12 49
36 25
38 40
