20 4
3 3 3 3
# Stage 1
19 41 42
28 21 20
26 20 12
37 40 47
16 22 29
45 18 17
40 15 50
30 32 41
15 41 21
10 25 32
29 11 44
33 45 38
36 34 28
35 26 11
32 29 17
25 29 12
23 10 32
17 14 48
31 11 35
49 36 10
# Stage 2
29 32 45
22 15 39
37 11 16
43 36 33
42 40 14
31 14 36
38 35 34
32 49 12
50 50 42
40 33 25
42 15 12
34 38 31
22 21 37
37 42 18
50 32 27
20 22 26
39 24 35
19 15 25
15 49 31
41 28 18
# Stage 3
45 31 21
38 34 47
40 28 24
17 14 23
26 32 42
47 13 49
21 19 28
12 31 27
37 28 35
37 24 35
12 11 16
23 38 19
10 18 29
15 49 13
40 33 16
14 25 26
11 37 42
11 35 26
13 43 23
17 45 42
# Stage 4
43 41 32
19 17 23
17 28 43
37 23 13
22 19 31
34 11 38
15 25 50
37 41 35
48 17 16
14 27 23
36 42 23
27 32 11
27 15 41
26 12 30
27 11 47
20 12 31
34 29 45
14 14 24
45 23 41
29 45 39
