20 5
1 2 2 2 1
# Stage 1
28
12
41
10
43
30
22
39
41
45
33
48
19
44
26
43
39
35
31
48
# Stage 2
24 18
40 12
42 12
19 12
41 43
28 44
16 10
25 22
37 18
28 17
27 17
16 44
14 39
45 11
19 40
11 48
50 18
45 48
49 22
20 26
# Stage 3
21 30
33 44
29 19
41 37
21 45
50 11
14 10
40 24
48 26
15 50
19 37
43 34
34 49
27 32
32 27
16 10
28 48
32 45
29 47
14 46
# Stage 4
24 34
46 47
27 30
26 42
26 41
10 35
10 27
16 18
24 28
39 21
40 25
38 49
26 17
15 14
45 21
18 25
30 37
21 31
49 12
11 46
# Stage 5
41
17
37
33
23
22
32
32
11
39
45
10
27
17
31
16
10
48
33
47
