20 5
2 3 4 3 2
# Stage 1
11 45
30 10
14 42
50 29
34 16
42 16
36 39
10 47
23 23
33 13
21 35
28 15
40 35
15 28
40 18
41 33
37 37
34 22
23 12
35 26
# Stage 2
30 43 33
33 34 49
36 37 47
26 20 48
41 43 38
36 13 16
10 21 16
34 41 24
44 10 44
13 12 31
39 25 38
13 42 29
21 31 34
40 24 43
48 43 50
36 43 21
31 12 29
47 15 30
26 10 26
26 33 24
# Stage 3
39 28 47 29
45 37 39 31
37 12 14 22
21 14 36 11
27 13 36 50
36 36 26 46
24 47 27 18
41 13 43 45
28 35 19 23
22 46 33 20
33 12 35 45
12 11 16 15
38 26 43 50
33 20 26 18
20 31 25 16
31 14 12 27
47 46 19 24
28 43 48 30
45 18 43 26
25 41 19 45
# Stage 4
17 25 43
47 18 35
48 38 19
41 35 36
25 31 25
25 20 30
19 44 33
42 36 47
14 41 16
33 35 40
26 19 25
17 24 28
43 29 20
18 44 39
34 46 28
34 28 10
19 38 13
19 49 38
50 44 31
46 42 44
# Stage 5
18 43
33 18
20 18
11 34
42 35
24 21
36 22
31 46
31 19
15 40
29 16
39 10
10 33
40 39
30 19
48 15
49 37
13 23
16 33
28 19
