20 5
2 3 4 3 2
# Stage 1
19 22
44 16
27 31
44 30
17 33
10 27
34 15
41 42
49 14
22 26
21 45
15 29
11 27
36 48
37 30
38 23
32 22
48 40
46 47
28 12
# Stage 2
29 16 28
31 11 50
47 26 40
48 13 13
44 17 13
29 41 22
50 37 27
11 45 30
18 34 28
29 34 24
46 24 32
25 31 22
17 12 26
28 33 23
24 44 37
29 19 36
42 25 49
49 31 12
23 32 19
11 48 49
# Stage 3
10 18 43 10
12 41 23 32
29 24 44 33
46 12 33 37
31 13 21 48
30 50 20 36
22 37 29 32
40 20 19 28
35 27 22 47
41 26 50 21
17 27 17 45
39 14 47 32
37 16 27 15
15 41 39 29
10 17 21 25
19 22 16 32
11 38 28 21
49 50 49 11
37 45 17 32
24 36 36 46
# Stage 4
48 29 44
11 48 26
21 42 12
25 34 17
21 14 36
15 30 12
23 41 18
14 30 22
45 16 24
48 26 37
10 22 40
25 35 22
14 44 38
42 49 50
37 43 39
17 32 26
16 34 26
35 23 43
11 40 42
10 38 27
# Stage 5
50 29
16 44
15 19
11 31
48 20
16 36
11 45
28 19
20 23
21 16
22 38
45 40
16 49
33 36
45 50
41 19
40 20
24 27
40 13
45 39
