30 3
1 4 3
# Stage 1
15
47
21
20
35
39
38
39
39
26
25
22
48
33
41
23
23
34
15
15
38
44
29
34
45
32
34
45
37
21
# Stage 2
31 21 34 33
45 23 26 12
43 13 35 37
21 44 22 14
44 37 36 50
28 43 32 19
48 46 38 31
38 46 22 32
38 32 13 49
36 21 42 29
23 43 47 45
19 48 16 36
12 10 30 44
20 11 48 36
10 50 42 29
23 33 33 16
36 24 25 46
42 37 47 23
35 28 43 29
27 21 13 19
17 49 48 49
36 21 16 39
36 30 39 50
31 40 43 37
23 24 50 26
48 21 13 46
35 14 20 22
43 36 32 30
40 45 17 26
28 29 15 24
# Stage 3
17 16 45
38 23 19
30 10 19
42 50 48
16 44 31
42 27 17
42 30 27
30 49 39
15 26 32
12 30 19
22 12 45
46 22 16
22 20 21
37 17 11
35 23 33
15 44 38
30 33 42
31 37 16
45 49 43
46 22 27
19 26 23
23 43 27
43 20 14
47 19 48
39 38 30
47 41 50
11 13 48
33 23 30
15 19 48
50 23 19
