30 3
2 3 4
# Stage 1
36 43
46 45
45 47
27 16
46 43
40 20
14 46
50 31
13 12
11 50
20 47
20 48
49 20
36 40
20 17
19 39
14 37
33 36
12 27
20 21
24 48
21 24
48 19
40 10
34 28
28 28
16 46
43 13
32 34
18 48
# Stage 2
48 29 30
14 15 41
41 19 28
30 18 33
24 45 45
41 23 21
30 10 12
14 18 45
48 32 41
16 15 21
42 31 50
44 16 11
43 16 36
35 45 22
50 24 33
39 36 45
29 20 23
36 48 35
44 21 47
38 14 44
50 31 21
30 47 22
43 35 12
15 29 35
10 22 22
45 18 30
39 48 14
23 37 31
20 34 35
29 17 12
# Stage 3
42 32 29 37
49 42 45 10
47 33 44 50
25 30 26 28
30 46 22 31
10 31 18 23
49 37 29 37
39 39 23 38
39 26 16 11
50 27 15 17
25 40 30 39
26 23 41 33
13 37 48 16
46 29 15 26
12 13 37 12
48 11 24 24
13 41 15 20
32 32 22 22
39 48 11 21
27 26 47 12
25 12 29 29
34 46 10 15
14 39 10 18
42 20 41 23
22 37 11 44
17 31 48 35
45 40 49 12
34 38 39 47
19 43 24 20
38 37 34 11
