30 3
4 3 2
# Stage 1
44 42 44 18
41 11 18 10
48 15 50 27
22 12 46 43
48 22 50 16
33 27 34 33
19 21 21 35
31 49 21 48
35 48 26 42
20 17 16 33
40 29 10 11
33 43 43 47
32 29 33 22
37 49 34 17
18 15 46 11
10 23 34 24
43 40 46 20
35 50 38 19
46 48 17 38
39 22 46 30
28 34 42 22
27 19 24 17
21 45 48 25
15 10 22 38
50 11 33 28
20 35 24 25
44 11 48 33
44 19 11 50
28 37 33 36
40 13 42 38
# Stage 2
39 39 16
42 32 22
26 13 31
24 39 19
30 14 18
20 49 26
24 15 10
34 48 38
22 30 41
34 43 27
22 15 29
39 44 18
17 42 41
45 16 14
34 39 45
38 26 42
26 31 47
47 13 31
40 11 15
40 44 16
11 50 23
30 11 25
10 12 39
39 34 50
28 28 18
18 37 22
49 42 10
45 37 15
37 38 22
21 17 12
# Stage 3
11 28
23 34
41 24
39 43
12 22
26 14
36 35
35 47
46 22
27 15
30 48
25 24
19 25
24 11
31 23
49 24
42 39
49 17
15 45
28 42
15 22
20 13
20 17
29 36
49 44
21 16
10 29
45 41
48 32
13 31
