30 4
2 4 4 2
# Stage 1
47 22
44 32
39 13
42 23
48 24
28 41
23 31
38 14
26 22
20 15
38 44
33 22
40 30
25 50
35 37
23 14
37 39
29 23
17 49
31 27
35 34
24 37
14 35
36 10
39 23
44 16
32 11
33 33
10 26
46 19
# Stage 2
12 37 21 27
14 19 35 33
46 40 20 41
42 29 21 43
10 15 14 12
46 32 44 38
17 49 48 39
50 18 21 22
45 38 18 15
19 29 31 34
14 13 45 45
32 39 13 22
27 30 15 27
19 26 39 23
37 17 43 30
25 16 27 21
10 10 50 35
49 39 46 12
31 25 27 40
22 45 47 44
30 31 11 18
28 32 33 35
35 50 13 24
43 14 23 19
17 19 31 17
33 11 38 22
33 42 50 45
23 18 39 44
45 30 29 29
26 25 37 23
# Stage 3
39 29 12 25
13 47 31 38
38 13 27 45
23 12 39 49
13 10 36 38
27 49 19 41
50 13 12 27
48 50 17 15
49 38 31 43
14 19 40 36
16 26 10 25
32 23 44 16
24 22 20 21
47 22 38 18
12 22 43 42
24 16 47 43
10 31 42 18
46 40 18 17
17 12 38 49
46 49 48 15
27 35 18 13
17 28 43 13
16 29 28 25
20 34 45 34
19 50 31 12
25 29 34 25
40 25 22 36
19 48 20 41
38 41 22 27
11 22 31 12
# Stage 4
24 29
43 26
12 34
18 26
47 49
33 39
49 26
13 39
29 15
21 11
33 40
12 34
12 32
13 24
10 34
18 41
35 16
21 36
38 27
33 23
48 28
35 18
20 43
41 29
24 36
43 12
13 43
16 10
41 28
39 50
