30 4
4 3 2 1
# Stage 1
47 32 47 16
10 29 43 46
31 28 20 32
20 19 16 35
32 20 37 49
34 39 41 24
21 49 29 43
26 13 30 49
17 32 21 35
44 42 46 50
50 41 49 42
34 47 28 43
17 46 36 32
28 26 46 18
17 45 40 35
32 47 10 45
22 23 13 49
21 30 37 38
47 42 20 12
14 50 14 32
46 29 27 25
33 36 29 15
17 16 41 20
37 49 31 15
25 12 28 23
25 17 33 21
43 23 49 27
27 17 41 43
44 40 10 48
20 19 23 46
# Stage 2
13 38 30
25 32 32
33 10 22
30 34 31
16 24 25
26 15 27
14 23 12
12 45 15
32 15 30
38 38 40
40 21 40
10 11 50
18 29 38
21 21 46
25 14 11
33 23 34
48 12 36
15 44 38
38 42 14
34 13 49
32 49 48
46 39 44
46 16 21
10 16 43
44 46 14
11 40 41
37 42 26
27 45 39
30 16 41
42 21 44
# Stage 3
26 23
34 32
28 31
11 31
23 40
26 47
36 35
39 36
43 30
30 14
49 10
25 14
29 37
34 40
40 26
37 32
50 47
31 47
12 14
40 10
40 34
40 18
38 21
27 30
37 22
16 44
26 21
27 24
35 48
46 13
# Stage 4
46
20
43
12
35
17
12
39
13
12
30
39
40
13
29
21
31
21
21
10
45
39
38
28
23
30
44
46
44
26
