30 4
2 3 3 2
# Stage 1
25 49
47 37
40 29
18 37
44 17
26 28
48 12
27 30
22 21
47 22
19 44
18 25
33 17
14 20
14 41
22 19
39 27
15 25
27 37
37 25
14 49
29 35
28 29
12 35
29 20
24 24
46 16
48 38
23 50
23 28
# Stage 2
40 41 45
42 38 31
10 34 49
46 12 41
34 17 42
31 26 10
24 35 44
49 28 26
34 34 50
33 46 42
25 35 37
36 18 36
38 36 46
37 15 28
18 19 14
19 10 35
25 29 30
19 41 15
11 42 46
44 31 25
35 28 31
16 18 19
38 46 19
36 50 23
13 17 14
29 48 20
39 37 10
21 22 32
26 30 29
10 11 39
# Stage 3
18 20 19
21 25 42
35 50 14
50 32 18
48 13 42
49 38 38
47 30 33
32 19 23
22 22 35
34 24 13
34 37 49
16 13 12
17 47 40
23 27 23
16 26 13
39 27 27
16 40 37
45 18 22
24 34 18
31 13 12
33 39 19
29 30 30
36 27 42
34 46 37
14 22 36
39 40 36
42 35 30
48 19 24
29 29 17
12 14 17
# Stage 4
44 10
12 32
17 40
32 48
11 25
35 38
26 21
36 42
12 19
35 30
36 36
27 16
41 45
12 37
37 42
20 23
35 18
30 38
50 39
35 48
40 12
15 10
21 20
11 20
26 28
31 36
42 44
28 34
16 27
49 40
