30 4
3 3 3 3
# Stage 1
34 48 25
36 40 27
50 44 14
44 36 42
30 12 17
42 15 19
38 50 10
43 37 47
24 27 28
33 33 42
16 36 45
39 27 18
22 26 36
40 24 21
38 24 15
41 31 31
25 20 29
18 22 27
21 10 48
27 19 10
39 35 22
23 41 42
38 30 50
42 42 33
12 29 35
37 43 12
30 37 15
15 15 41
43 20 21
44 17 12
# Stage 2
11 18 18
19 17 48
45 28 13
43 15 25
42 47 14
10 12 22
10 13 30
18 45 17
15 31 10
16 10 41
14 31 22
39 39 35
44 27 50
38 25 27
20 43 24
50 49 41
50 45 41
28 23 25
35 43 22
39 21 17
12 21 18
11 35 18
44 37 13
28 26 25
20 35 40
22 48 23
49 34 18
13 14 21
14 18 36
15 16 16
# Stage 3
31 24 35
42 47 24
25 37 22
50 42 50
45 19 35
32 36 20
49 20 18
30 21 46
27 50 25
47 36 49
26 45 26
10 39 30
45 43 33
49 26 26
30 34 13
38 20 44
25 34 27
26 41 44
11 34 46
12 16 31
34 18 24
11 33 16
40 34 11
12 50 47
20 47 34
20 38 23
15 40 39
22 16 19
18 35 31
38 41 30
# Stage 4
17 26 13
40 47 47
39 43 47
14 43 15
12 32 42
12 12 28
11 12 22
42 30 16
35 24 29
36 27 47
31 37 42
47 47 38
35 30 24
21 42 17
23 10 10
21 34 40
12 23 46
14 19 13
23 38 13
19 36 35
23 34 10
34 40 13
50 20 18
18 47 19
33 15 16
41 18 47
29 10 31
14 14 49
41 39 11
11 21 10
