30 5
1 2 3 2 1
# Stage 1
23
30
41
22
35
36
49
20
50
22
36
45
24
21
39
36
34
27
34
24
32
41
12
30
25
46
38
36
14
37
# Stage 2
42 16
28 16
31 39
23 31
25 42
11 11
36 50
42 29
41 40
41 44
16 49
19 10
20 41
39 44
47 11
33 23
38 19
19 47
44 34
47 46
40 10
46 48
23 18
19 44
46 27
33 13
38 13
33 50
14 47
17 36
# Stage 3
33 24 22
47 48 40
16 43 35
35 23 17
29 26 17
37 18 22
15 40 40
27 13 10
22 24 36
48 17 13
13 44 33
27 32 23
50 46 45
27 30 21
36 33 27
49 45 21
34 42 46
30 47 37
16 35 44
22 47 45
29 17 10
22 43 40
17 46 31
27 45 48
48 24 15
31 15 10
29 21 27
49 42 17
46 47 40
12 39 32
# Stage 4
37 26
30 28
45 14
11 27
43 50
10 22
50 40
44 28
49 25
27 38
10 18
42 48
10 35
39 23
22 26
25 37
43 43
30 35
13 44
37 38
18 42
34 38
39 38
37 22
24 41
18 38
26 41
44 23
29 29
28 46
# Stage 5
26
34
50
40
37
46
22
50
21
26
19
37
22
36
24
50
30
50
48
29
43
44
10
36
26
23
10
10
14
17
