30 5
1 2 3 2 1
# Stage 1
40
47
49
29
39
36
20
33
24
43
39
11
34
48
25
39
39
26
32
22
24
48
20
38
43
32
36
49
35
26
# Stage 2
11 14
14 24
29 35
15 47
10 14
25 26
45 40
10 26
37 43
20 28
45 37
19 43
49 16
23 49
26 25
46 47
20 37
35 24
48 20
14 30
49 15
47 16
44 30
16 40
16 41
42 42
20 26
14 10
43 10
31 33
# Stage 3
27 35 40
31 42 23
29 15 15
46 18 36
37 14 18
30 35 48
45 23 36
30 35 33
19 13 37
44 32 38
12 44 27
29 11 46
38 41 27
30 12 29
21 29 38
39 48 36
39 38 18
35 24 44
47 39 19
44 28 28
28 25 23
50 20 41
25 30 32
15 46 38
23 36 29
45 13 27
10 14 25
13 45 25
30 49 19
50 23 34
# Stage 4
36 49
36 36
15 39
22 47
39 18
45 45
15 29
13 24
35 16
48 14
22 16
33 13
37 18
42 30
16 30
39 23
30 17
14 24
22 30
45 14
34 24
12 14
21 50
22 37
21 21
14 22
47 28
40 21
10 42
49 46
# Stage 5
35
22
35
45
17
16
29
47
28
45
33
35
13
42
14
30
14
11
45
48
24
22
21
33
30
31
40
18
48
12
