30 5
2 3 4 3 2
# Stage 1
25 46
16 31
25 50
49 13
19 43
43 43
28 47
14 44
33 31
16 15
39 35
17 48
43 29
33 43
37 49
39 24
40 50
24 31
46 29
16 15
18 46
26 32
20 43
22 40
31 15
43 18
16 29
31 13
23 37
15 27
# Stage 2
31 15 23
25 23 38
15 19 46
40 36 32
33 16 32
37 46 14
18 10 26
42 44 13
49 41 12
10 30 32
27 12 40
18 26 26
42 44 38
38 26 31
12 17 19
42 27 35
17 38 42
14 38 37
44 36 23
39 48 42
21 21 47
35 17 13
31 38 49
48 48 38
36 50 17
30 31 32
32 16 12
15 21 11
34 43 32
22 19 13
# Stage 3
29 10 39 50
31 38 32 26
14 18 22 50
42 49 34 18
38 39 46 15
29 43 29 38
29 36 47 12
31 22 50 37
48 22 10 15
16 21 30 23
42 26 50 44
26 16 47 40
15 25 38 40
39 34 13 22
38 33 12 36
28 17 44 10
36 39 41 41
16 21 44 10
16 27 25 45
49 15 38 25
47 34 12 21
17 35 50 34
20 31 29 19
21 14 11 24
34 19 30 33
14 27 47 39
13 16 22 34
40 17 14 16
29 49 47 10
46 32 50 45
# Stage 4
39 44 31
31 29 37
49 50 30
11 16 46
45 37 38
11 28 22
29 41 49
38 25 46
41 37 49
44 41 41
11 35 12
21 22 41
27 39 50
20 31 17
14 31 26
26 34 44
17 44 39
30 39 41
30 30 14
35 39 12
24 16 31
20 19 50
32 46 13
43 12 24
33 47 23
25 34 48
12 46 42
20 33 41
28 37 38
21 35 35
# Stage 5
32 14
44 34
12 31
38 42
46 19
49 29
16 44
37 32
34 40
30 35
23 32
35 46
34 36
33 43
49 32
47 43
21 10
29 41
39 16
50 17
44 43
13 21
25 12
25 26
15 21
21 16
23 45
34 18
11 23
41 18
