30 4
2 3 3 2
# Stage 1
15 22
19 29
15 21
29 15
32 40
44 34
34 42
35 30
37 44
50 12
50 26
12 24
42 10
46 39
24 13
34 24
15 42
37 22
24 23
36 20
29 31
10 16
36 29
30 33
49 22
25 39
21 20
24 29
45 20
38 23
# Stage 2
29 50 18
36 40 47
48 16 35
15 26 13
26 29 30
27 18 15
48 36 38
41 41 14
40 26 45
32 17 27
24 35 45
37 40 47
21 50 27
13 25 50
32 36 30
32 45 50
10 12 32
22 41 30
40 43 28
43 35 27
41 23 25
21 44 23
32 38 47
41 10 13
45 16 48
42 26 21
40 23 36
17 37 22
28 23 42
11 50 24
# Stage 3
40 46 40
49 23 37
11 33 38
27 15 37
32 37 45
35 30 14
13 18 37
19 11 15
44 13 27
33 13 50
45 14 36
44 25 11
42 38 15
12 32 37
10 36 42
24 26 19
18 46 49
28 44 43
42 27 44
14 35 40
45 11 30
17 43 48
16 48 12
50 29 14
24 21 15
40 38 26
11 15 34
14 45 19
41 35 12
31 36 17
# Stage 4
14 13
14 46
48 47
46 16
40 29
28 23
49 35
11 21
19 31
40 32
40 11
18 26
40 47
43 31
16 50
13 46
49 30
39 29
27 47
26 40
16 32
24 17
49 16
18 30
10 38
34 43
45 20
50 36
16 26
15 43
