30 4
2 3 3 2
# Stage 1
45 10
40 43
29 44
36 24
16 33
49 14
31 26
46 23
11 46
23 13
47 45
18 34
11 19
34 25
21 16
49 22
45 23
38 21
34 18
14 23
43 21
22 21
18 45
41 50
33 10
12 47
33 10
46 10
43 45
16 49
# Stage 2
41 34 33
40 33 22
42 39 45
41 12 23
21 31 39
19 10 22
29 19 47
26 39 10
18 11 48
28 42 20
42 15 13
47 28 48
35 25 13
42 40 50
44 29 49
23 13 36
18 20 49
44 46 19
43 50 11
12 12 41
26 16 42
18 12 26
19 47 46
17 35 24
23 47 17
30 18 44
18 45 17
24 36 35
16 22 25
28 16 48
# Stage 3
15 22 17
12 37 44
28 48 19
46 50 44
34 35 25
13 42 38
31 34 17
32 34 46
29 16 38
18 37 49
33 39 29
22 44 49
11 37 15
37 11 28
26 49 24
12 36 18
23 35 30
44 17 26
13 38 46
24 32 10
11 39 20
37 25 49
16 20 32
37 21 40
31 18 45
47 39 48
10 36 23
18 40 41
17 23 40
17 33 11
# Stage 4
25 49
34 30
40 14
35 46
30 24
29 40
49 46
15 13
16 41
12 44
33 17
30 44
27 32
27 23
21 31
28 19
45 25
28 23
29 50
35 40
34 44
41 29
49 45
11 20
19 30
33 18
18 14
25 27
36 22
12 17
