50 5
3 4 3 4 2
# Stage 1
41 21 45
23 30 28
30 11 41
32 32 14
35 39 31
20 31 50
10 42 15
50 21 31
11 37 19
18 35 28
28 31 38
30 49 33
50 50 21
49 26 36
36 24 18
21 13 44
33 40 10
44 34 15
29 10 37
21 16 39
32 14 35
23 17 49
32 49 30
12 41 27
37 35 22
18 14 35
41 16 29
41 50 36
11 33 23
33 20 42
39 38 14
16 23 21
17 48 11
35 25 23
26 46 39
36 30 41
14 26 25
21 16 20
35 39 19
30 19 47
27 15 48
19 19 33
16 18 20
41 14 37
27 37 24
37 39 47
34 43 14
13 18 43
31 41 22
42 18 46
# Stage 2
48 12 13 41
32 38 30 44
27 40 28 18
45 27 44 49
18 50 32 29
21 46 21 26
47 36 17 19
42 19 41 27
38 16 46 47
33 16 49 34
42 40 27 23
23 33 39 18
28 47 15 39
39 19 50 43
12 22 15 45
44 43 11 44
27 19 38 28
20 11 32 48
48 49 30 23
49 40 30 34
10 42 29 20
28 27 47 31
38 48 49 46
42 23 30 20
13 48 12 31
28 23 19 17
33 49 47 34
30 23 48 23
45 50 41 14
20 15 38 31
31 20 25 35
15 28 11 14
23 21 23 50
14 15 33 11
22 45 24 40
39 16 46 45
19 11 11 46
20 24 18 50
18 48 41 43
12 29 10 18
16 25 29 49
13 25 23 10
10 43 50 22
48 42 50 19
10 16 15 10
25 11 46 23
32 18 30 48
39 26 42 50
26 45 24 14
22 37 40 24
# Stage 3
25 26 16
19 16 19
49 50 35
26 25 26
48 32 40
41 14 34
30 17 41
26 49 32
21 50 32
33 11 31
14 43 28
22 27 33
25 43 29
44 24 23
17 46 40
38 44 27
25 17 34
15 12 47
26 29 31
16 47 14
33 38 39
49 37 26
35 48 22
24 14 17
42 20 34
41 38 48
41 34 47
40 25 25
36 50 15
17 21 38
44 31 34
46 21 45
17 10 11
37 10 42
11 16 23
15 13 23
23 49 19
37 16 10
28 23 25
37 25 36
33 49 18
29 26 37
43 11 23
38 26 45
19 35 37
24 16 31
49 22 17
12 49 25
16 10 33
37 18 10
# Stage 4
50 37 31 50
46 45 30 30
38 25 13 13
11 14 35 43
24 49 13 31
34 37 38 15
35 23 18 24
22 20 50 38
25 26 33 30
21 34 44 15
50 20 41 41
35 48 39 49
50 19 45 46
23 26 41 50
34 21 36 49
29 14 10 22
29 34 42 17
16 34 22 29
46 43 47 14
30 27 49 44
30 24 49 46
21 46 43 40
47 48 41 16
40 11 29 21
25 29 36 35
10 31 10 43
28 34 10 20
48 36 27 41
44 19 38 33
12 22 34 30
25 21 50 39
39 32 40 41
41 11 10 14
25 24 42 10
48 22 12 27
16 24 35 24
38 20 23 36
32 24 40 31
12 29 16 17
41 33 25 35
12 24 33 35
13 43 28 16
17 43 36 29
15 44 25 43
21 15 16 11
36 15 36 22
35 36 36 46
41 17 21 24
13 34 24 30
36 43 30 10
# Stage 5
21 19
25 18
13 25
27 34
45 21
11 30
14 16
35 20
23 34
29 41
44 12
37 40
47 24
10 49
21 28
28 32
44 40
25 50
46 39
29 40
13 32
10 13
25 40
19 50
11 26
17 46
27 44
39 48
39 40
23 37
34 21
27 28
13 25
30 32
47 47
14 23
19 48
37 14
28 19
16 45
48 46
47 38
42 42
42 50
36 41
49 24
35 30
21 48
32 30
42 13
