20 3
3 3 2
# Stage 1
25 42 45
20 25 24
45 26 35
45 39 45
43 50 31
47 33 34
27 35 10
17 11 44
26 12 40
21 32 49
29 33 38
22 11 38
20 40 10
13 16 47
16 21 45
39 11 37
36 22 33
17 41 45
21 47 32
38 41 17
# Stage 2
43 38 10
37 44 12
40 42 44
16 43 29
44 39 11
30 36 43
15 47 47
36 45 27
24 40 47
40 23 44
13 30 39
29 44 48
38 22 45
32 28 26
40 19 45
50 37 21
17 29 39
10 20 36
14 45 42
42 28 47
# Stage 3
47 38
38 40
34 11
50 27
18 35
35 50
34 30
30 35
46 31
45 39
36 42
47 30
40 48
17 10
18 35
23 36
26 13
35 45
31 13
43 27
