30 4
2 3 3 2
# Stage 1
49 23
39 42
40 43
33 39
11 12
20 32
18 26
13 20
13 33
24 38
22 24
18 18
32 42
30 42
35 13
31 27
19 15
45 36
34 38
25 19
13 38
40 24
32 47
24 19
15 12
16 13
40 35
45 30
26 25
13 34
# Stage 2
36 19 21
22 44 31
33 22 40
24 43 40
32 21 41
22 48 29
16 37 14
34 34 14
28 18 35
24 39 48
25 29 25
22 49 40
41 37 24
21 23 45
31 18 21
27 38 30
36 16 10
25 46 15
50 44 34
33 26 22
26 46 49
40 31 48
20 21 45
32 15 13
44 34 37
11 37 44
39 40 19
50 35 23
48 33 13
25 26 36
# Stage 3
45 11 42
48 30 11
31 26 15
34 46 47
13 12 12
43 35 45
12 40 43
18 33 43
16 35 36
10 47 13
36 44 36
23 42 50
44 13 35
26 28 22
18 44 34
29 23 40
17 49 40
24 36 12
42 34 28
18 23 35
50 29 39
32 25 38
37 18 47
25 48 40
21 44 16
33 42 41
24 18 21
50 27 30
14 31 20
47 15 28
# Stage 4
35 35
14 50
16 13
16 43
33 11
33 37
29 35
47 18
22 17
14 39
34 49
27 21
32 49
29 21
10 18
16 14
31 29
27 42
50 12
11 18
26 26
47 19
35 40
38 35
49 42
38 35
17 33
48 12
15 42
50 25
