20 3
3 3 2
# Stage 1
14 32 36
17 30 45
42 13 12
27 19 39
12 50 44
42 24 48
28 46 33
35 11 25
18 16 37
34 30 32
27 35 49
49 13 36
44 49 23
14 46 26
44 48 44
30 18 41
24 30 26
47 37 49
41 41 34
27 45 11
# Stage 2
44 19 10
22 15 29
14 13 33
13 37 30
14 40 22
37 29 40
20 26 38
31 16 16
36 41 39
15 48 14
24 25 36
31 43 46
10 21 33
33 16 49
17 21 47
26 48 37
15 26 33
43 18 39
17 46 39
46 18 34
# Stage 3
49 11
26 42
17 31
48 46
30 37
43 43
44 25
10 24
12 30
14 41
38 26
45 11
36 43
26 17
38 24
11 40
47 19
26 35
20 27
47 24
