20 3
3 3 2
# Stage 1
41 27 33
50 25 40
31 15 44
30 24 45
15 19 32
16 32 30
24 22 14
31 48 48
37 50 15
14 48 31
37 10 24
31 27 37
16 22 38
27 47 39
18 27 49
23 44 47
17 36 49
17 50 44
41 37 43
44 18 41
# Stage 2
46 43 29
15 33 43
19 10 32
10 47 36
40 44 24
20 46 16
18 26 34
25 31 12
50 43 13
15 25 26
43 36 39
46 36 35
40 15 35
17 33 13
11 14 38
50 46 10
29 30 32
44 43 41
15 29 20
37 22 17
# Stage 3
15 10
20 18
13 19
11 29
32 11
21 42
13 25
47 29
47 11
19 41
35 37
32 44
19 24
11 43
48 28
31 34
30 12
19 44
40 28
18 17
