20 3
3 3 2
# Stage 1
27 13 42
40 33 36
12 18 20
36 21 32
38 50 10
12 44 34
38 10 25
14 20 20
40 24 50
27 41 41
36 17 12
49 34 15
46 35 33
44 18 19
35 43 43
21 27 15
30 21 37
46 37 48
11 22 10
23 43 40
# Stage 2
39 18 20
17 21 15
18 50 48
23 29 22
45 46 37
14 45 20
23 19 42
24 46 38
48 19 25
43 34 43
22 14 19
12 49 10
33 26 14
35 12 18
43 19 16
49 34 42
10 19 29
39 12 21
45 19 19
19 15 25
# Stage 3
30 23
33 26
22 18
15 26
13 15
22 24
45 30
30 33
33 28
10 20
35 26
15 40
24 13
30 21
29 26
33 37
45 40
10 47
48 40
27 17
