50 5
3 4 3 4 2
# Stage 1
29 28 46
19 26 24
40 39 31
12 15 21
19 34 12
25 50 10
36 20 18
29 49 50
19 42 48
45 47 13
48 46 16
29 19 11
46 24 28
25 44 27
14 24 18
26 23 22
47 17 42
30 41 33
34 15 43
16 12 11
45 15 15
21 34 30
45 45 34
34 44 20
31 31 39
14 42 47
34 11 38
26 43 18
17 24 36
45 15 45
37 12 42
40 11 37
16 12 47
50 23 14
21 33 36
41 18 24
46 10 41
31 50 25
10 31 26
40 31 15
25 28 31
24 45 44
20 43 32
27 13 20
35 41 23
43 30 22
43 17 17
19 25 14
11 44 39
16 24 45
# Stage 2
44 25 36 22
46 50 37 45
35 45 45 29
11 28 21 47
33 33 38 37
35 20 47 46
13 35 48 37
19 29 38 42
17 12 13 48
46 43 25 21
40 12 19 47
31 16 10 20
50 18 23 21
38 26 50 17
47 47 25 42
48 14 44 37
36 25 10 26
48 16 46 12
19 36 18 24
45 47 43 23
47 42 20 44
28 45 15 14
41 44 23 26
23 18 36 40
14 11 17 47
21 29 46 22
40 25 34 11
23 20 26 21
16 48 44 39
44 41 39 45
32 50 32 24
44 13 21 37
34 10 41 30
12 49 44 34
14 42 38 46
45 24 34 23
43 23 45 16
27 32 12 15
23 30 30 44
47 18 46 28
16 45 47 39
16 22 22 11
39 16 21 41
23 20 22 28
49 27 13 46
17 13 23 37
26 46 43 15
49 33 49 44
43 32 10 14
44 40 39 38
# Stage 3
31 10 27
12 16 17
42 42 30
30 11 39
20 50 46
15 15 44
50 10 15
30 30 45
41 42 40
19 32 43
21 14 44
19 37 46
20 11 11
18 42 50
11 48 49
27 16 33
26 41 36
42 19 40
38 20 24
25 32 30
10 34 45
31 46 31
28 27 41
30 12 47
36 13 10
17 43 25
45 11 22
19 44 22
43 21 14
29 30 27
34 24 31
24 40 22
26 20 32
27 26 25
29 28 32
16 35 43
41 26 33
43 26 33
32 45 36
34 26 23
35 13 42
38 32 48
20 22 14
39 34 19
21 27 16
27 50 13
27 10 32
33 40 42
19 32 30
29 46 23
# Stage 4
26 27 31 25
39 20 48 28
32 47 49 13
37 13 15 50
44 48 26 32
28 44 35 50
25 36 19 34
25 17 14 13
39 14 20 20
45 45 48 13
15 38 21 16
40 17 32 37
19 22 19 34
50 28 31 35
22 35 20 16
36 39 27 47
36 11 25 11
50 46 27 38
36 19 33 42
14 38 49 47
41 14 46 43
50 10 42 36
35 20 45 28
49 21 34 33
40 24 10 40
36 27 32 47
34 23 42 35
19 45 10 50
48 27 26 26
25 12 29 11
23 50 44 50
41 33 10 33
36 10 40 31
24 15 17 43
34 45 30 31
23 11 43 46
25 35 44 39
50 34 33 39
42 38 45 45
41 36 26 31
16 47 12 28
20 33 35 19
25 39 25 31
28 45 36 17
26 29 41 15
25 27 21 19
42 48 28 23
43 27 29 16
25 35 46 22
36 47 14 10
# Stage 5
35 38
48 17
17 46
22 25
49 22
40 27
26 33
35 50
24 45
20 36
45 15
24 20
18 45
41 25
10 37
34 34
34 15
20 10
22 36
13 31
20 48
11 22
38 30
25 36
19 32
21 47
12 20
40 21
38 16
10 11
18 26
49 21
27 50
35 10
22 48
49 31
12 29
34 48
44 29
37 23
36 23
40 38
45 33
44 37
24 26
49 34
13 20
41 20
49 22
37 11
