50 5
3 4 3 4 2
# Stage 1
24 15 39
11 18 29
11 49 10
41 34 41
44 29 20
47 31 21
43 17 16
33 12 30
29 15 12
22 15 46
49 15 26
29 15 47
48 16 31
46 18 35
10 15 38
28 44 42
24 31 43
35 29 48
18 13 50
48 34 48
38 42 33
26 32 19
44 19 40
45 23 25
50 40 24
43 48 37
24 50 43
31 43 13
33 11 30
32 47 35
17 10 46
39 14 25
46 36 12
36 40 19
28 30 44
31 32 16
28 14 29
40 15 41
20 24 24
39 48 17
16 30 36
33 10 24
17 32 12
24 49 12
31 26 36
31 36 10
46 24 11
25 10 11
28 18 26
49 21 24
# Stage 2
19 16 14 20
49 44 48 45
29 13 25 20
40 50 16 47
19 29 41 10
39 41 19 24
11 23 37 21
21 32 36 42
43 40 29 20
20 43 46 44
24 10 26 10
41 28 23 32
46 16 24 34
20 35 48 11
45 35 25 34
40 20 11 26
27 39 27 25
14 48 26 38
17 29 17 22
32 25 45 34
42 19 39 13
31 20 25 15
41 45 38 11
49 25 42 44
42 45 40 17
38 35 40 14
36 37 31 43
12 40 43 43
36 25 31 50
40 22 49 26
15 11 13 10
21 18 45 50
48 10 25 36
29 37 47 46
18 44 12 33
20 33 20 37
41 38 10 40
42 32 18 19
28 29 35 37
39 48 42 14
15 46 47 35
26 37 11 11
20 43 26 21
21 29 22 24
33 50 38 11
33 24 44 26
46 23 35 29
19 37 48 41
45 48 42 45
43 45 17 22
# Stage 3
42 11 50
14 30 28
27 50 23
42 17 31
22 50 13
41 47 50
46 22 33
28 13 16
24 10 26
26 24 28
37 40 29
14 46 45
40 45 35
21 40 31
30 20 47
15 18 20
32 26 36
39 34 41
16 47 16
10 35 48
45 33 20
50 33 17
30 24 29
40 12 19
36 35 26
12 18 45
10 49 10
16 19 35
34 46 18
22 19 33
42 49 14
45 26 16
27 25 22
44 10 45
47 14 49
41 15 41
27 44 22
36 25 13
41 35 37
12 37 45
19 30 28
47 27 27
42 36 20
42 36 18
41 41 35
42 38 39
32 24 37
37 20 16
15 16 19
47 21 33
# Stage 4
19 16 23 22
21 43 22 31
24 18 37 16
36 19 23 27
39 19 26 33
17 41 39 31
39 34 36 42
36 43 14 31
40 21 36 50
29 32 42 25
38 20 24 21
16 35 41 50
24 22 39 10
49 26 16 34
38 37 28 43
29 30 42 13
23 26 45 38
37 50 24 12
45 21 47 17
27 44 43 26
19 39 28 45
44 33 15 41
19 15 11 17
31 36 34 25
42 25 30 13
47 30 30 41
25 43 27 15
22 11 46 37
29 47 43 38
38 24 32 30
37 48 42 49
35 44 45 41
33 31 17 17
19 49 28 50
43 35 43 13
45 13 30 46
45 20 20 26
29 42 14 48
33 35 47 38
48 21 11 27
14 21 32 13
26 29 34 21
13 10 49 32
50 45 25 11
37 41 48 35
30 42 26 40
49 50 35 24
33 21 28 17
10 37 23 30
24 13 46 25
# Stage 5
24 43
22 42
50 48
32 29
10 30
10 43
18 42
26 47
37 30
29 42
19 39
43 44
36 31
45 23
36 17
12 36
47 11
25 27
22 21
33 44
36 34
25 43
20 32
43 12
44 26
33 13
42 20
10 28
19 30
31 47
21 28
17 39
24 21
37 29
32 15
46 46
11 21
13 50
17 47
38 37
13 44
11 11
48 25
40 16
20 40
12 35
26 46
15 43
23 50
25 49
