50 5
3 4 3 4 2
# Stage 1
46 21 14
25 39 29
32 20 42
21 20 10
26 50 20
17 11 40
40 43 11
31 47 20
23 15 30
44 38 46
11 49 35
29 31 33
39 10 29
28 48 37
25 49 27
22 21 48
11 46 46
47 22 10
19 25 18
16 33 38
41 29 22
33 46 20
31 19 35
44 34 31
35 40 10
33 44 43
14 16 11
39 17 24
50 43 31
31 18 36
16 27 26
17 35 32
41 46 30
13 35 14
39 50 26
35 34 25
46 20 20
45 12 50
35 31 36
41 32 18
12 11 21
29 14 28
48 25 29
12 21 49
29 16 41
42 26 35
32 29 43
26 20 43
37 43 26
41 19 31
# Stage 2
36 39 42 11
25 33 11 36
18 37 32 49
19 36 34 32
20 47 37 45
43 45 30 48
17 42 33 24
27 13 26 20
43 11 37 27
24 22 10 34
30 37 11 30
30 11 18 42
32 26 48 46
20 17 43 20
25 16 33 44
46 38 34 12
21 32 43 13
46 29 46 39
26 35 17 31
20 31 27 44
49 42 31 25
22 25 40 28
38 10 47 31
32 47 16 21
43 25 15 41
49 48 22 13
19 22 13 48
21 26 42 23
33 45 41 42
11 50 41 46
45 28 28 30
18 38 19 12
46 23 45 13
15 40 48 31
49 34 22 11
36 30 33 22
22 23 41 25
10 10 49 36
13 35 29 27
28 41 28 15
43 17 23 21
35 30 16 22
26 23 23 28
40 26 27 43
16 14 17 37
41 49 36 10
35 14 12 35
15 31 22 32
36 42 44 34
17 25 39 15
# Stage 3
45 28 46
47 42 36
39 20 32
38 32 17
10 10 15
42 31 14
44 48 43
50 45 49
18 32 44
12 31 39
43 20 26
40 34 15
30 26 32
43 32 44
29 17 48
28 46 14
38 14 45
35 20 47
49 41 34
12 32 11
44 24 37
39 44 21
35 26 19
27 48 34
41 33 22
44 27 31
17 42 40
41 20 46
11 39 24
41 45 14
28 15 25
32 14 24
18 16 19
16 32 19
19 45 27
26 40 26
42 26 15
23 28 27
16 42 19
31 25 44
43 37 45
11 28 14
13 10 26
35 17 24
34 28 25
39 14 50
12 37 10
37 10 26
43 32 48
42 27 33
# Stage 4
10 48 17 12
28 35 23 39
15 40 28 27
26 10 48 49
21 31 42 50
28 36 38 19
10 46 11 43
21 29 12 38
21 23 37 17
18 23 25 36
35 25 23 17
26 30 21 23
20 15 40 43
29 31 28 33
25 24 11 21
10 21 10 14
44 40 14 11
20 28 33 42
38 38 25 43
26 44 48 31
15 20 24 21
47 36 39 45
15 43 13 31
22 30 23 29
46 28 34 31
13 40 44 18
42 11 15 42
35 21 48 45
31 22 42 18
18 36 18 50
33 35 46 33
10 48 13 33
23 24 42 45
25 13 34 26
41 46 24 22
31 37 14 25
25 50 45 28
46 11 41 11
10 31 17 21
50 39 11 46
39 29 43 42
36 17 33 25
22 18 31 44
28 44 33 18
23 25 42 25
29 15 14 19
27 13 13 44
18 28 28 48
43 33 45 44
38 15 48 33
# Stage 5
23 50
39 31
34 45
30 24
25 20
27 31
43 14
32 16
16 22
48 16
33 49
50 20
28 24
28 26
23 41
25 27
39 24
48 49
16 24
17 34
40 13
16 26
39 38
25 33
24 21
21 43
22 23
12 25
47 37
13 50
37 49
39 38
17 19
12 34
46 32
41 21
40 42
16 48
47 43
42 36
46 46
28 48
29 46
50 43
36 27
33 16
27 43
11 14
50 43
42 48
