50 5
3 4 3 4 2
# Stage 1
47 22 23
22 12 22
38 35 32
28 26 38
49 36 28
47 16 10
41 23 40
14 38 45
34 33 13
16 18 29
12 21 28
29 21 49
48 25 14
20 22 38
18 18 18
24 11 26
26 16 40
42 47 27
47 31 47
35 18 28
26 23 39
22 49 24
39 49 49
15 21 15
41 29 30
38 41 26
41 18 14
18 12 43
24 12 28
13 12 23
46 14 17
13 41 13
45 27 41
48 31 30
42 13 32
14 18 19
23 23 33
36 16 41
19 23 46
23 11 12
19 46 13
33 36 33
41 15 33
13 43 35
49 35 39
36 15 31
17 46 23
34 18 47
17 20 50
34 17 12
# Stage 2
23 16 42 35
50 25 29 45
39 13 34 45
13 20 28 17
44 29 17 37
11 38 49 12
47 22 41 27
16 33 33 18
25 16 17 18
31 36 37 30
19 50 23 38
29 45 26 33
15 35 47 30
10 19 32 20
15 47 31 43
20 42 22 40
25 24 32 24
18 11 39 43
42 40 44 19
38 20 11 21
48 19 48 30
48 14 19 22
39 48 49 31
36 43 39 35
36 17 27 10
42 16 31 16
15 41 27 32
25 34 20 50
28 43 21 38
33 39 24 48
19 22 23 39
42 15 40 27
24 10 39 42
44 14 21 40
19 43 37 29
35 32 30 45
10 21 11 35
50 38 29 13
32 11 45 21
19 43 29 27
20 40 20 33
39 24 26 22
12 19 34 10
40 38 36 30
21 33 17 33
16 12 42 20
24 17 36 42
21 19 36 28
14 35 27 33
33 21 30 21
# Stage 3
35 32 49
35 12 23
49 35 19
29 10 13
35 49 40
13 22 11
42 13 38
24 50 43
39 13 38
47 13 32
17 22 12
34 11 15
45 31 27
30 18 24
11 33 14
38 34 23
43 15 26
22 29 13
16 42 13
15 50 27
17 17 34
24 32 37
26 38 16
30 48 40
46 38 48
34 36 39
29 49 45
18 38 41
34 50 21
39 28 22
19 22 39
42 25 22
44 24 10
26 19 23
48 41 17
39 46 37
50 34 40
19 24 22
38 26 18
43 19 34
28 40 26
25 32 17
36 21 22
38 30 18
37 49 10
36 41 31
47 21 34
12 28 26
49 12 35
37 32 32
# Stage 4
42 38 13 22
26 48 37 28
34 22 35 31
30 42 34 45
37 27 47 42
28 32 39 29
10 35 48 29
18 26 46 29
41 26 47 13
29 46 12 27
15 13 29 13
36 17 47 16
43 23 38 30
46 47 22 32
13 40 34 24
48 14 14 31
35 38 21 49
17 34 16 35
42 36 17 28
29 15 25 48
37 32 19 19
21 37 43 32
39 43 28 14
11 28 44 49
46 31 24 27
22 41 43 23
37 47 31 24
16 26 11 39
22 34 31 15
43 35 44 36
32 50 29 20
50 33 41 35
16 10 16 22
30 48 22 13
49 47 19 29
37 30 18 10
43 28 21 38
13 30 26 38
36 31 25 38
35 44 18 43
19 46 30 45
39 24 46 48
41 38 38 33
50 43 40 28
25 43 37 20
11 26 14 45
45 29 18 42
10 26 31 47
31 16 46 18
34 20 13 16
# Stage 5
16 16
42 38
33 37
49 35
19 13
35 11
11 11
22 44
39 22
15 14
10 17
50 37
12 10
39 23
37 34
15 39
21 34
22 20
26 30
15 29
50 38
16 27
11 38
44 40
21 49
26 49
34 44
48 33
20 41
32 44
36 10
42 25
47 16
10 46
43 20
32 44
34 45
38 34
25 15
14 43
20 41
25 14
36 43
42 36
18 49
49 16
26 21
47 33
33 34
27 42
