30 4
2 3 3 2
# Stage 1
18 38
45 29
40 41
34 24
38 31
46 34
23 22
13 41
45 38
48 15
44 31
43 28
36 27
44 19
16 26
27 38
47 12
34 10
33 27
10 24
11 20
18 34
25 11
23 38
34 47
21 38
25 25
50 48
11 41
45 25
# Stage 2
31 35 36
37 34 33
45 11 40
39 28 23
32 40 28
15 13 42
38 24 42
39 20 41
47 32 42
29 30 27
12 16 48
30 34 35
36 35 18
37 33 30
41 37 46
16 19 44
45 31 39
26 48 18
36 31 27
18 42 45
28 28 16
39 16 22
47 17 19
21 25 45
27 18 22
22 50 31
30 30 23
21 37 26
47 15 43
12 10 11
# Stage 3
50 21 29
39 40 31
38 31 14
24 12 42
34 41 20
23 17 36
38 47 13
34 47 25
29 33 12
45 24 34
11 36 19
37 43 37
11 15 20
45 24 34
33 10 17
20 27 17
41 50 27
45 12 30
24 14 46
23 39 10
48 26 31
41 13 50
35 45 42
21 31 38
33 21 47
44 37 37
23 47 27
16 35 12
40 37 29
19 22 32
# Stage 4
42 34
12 37
28 32
16 29
33 48
27 33
30 34
29 30
26 33
43 20
35 20
27 31
46 18
16 35
16 29
48 15
41 16
45 46
20 14
10 12
49 32
42 12
13 22
46 21
37 45
31 50
14 29
47 23
25 29
15 38
