30 4
2 3 3 2
# Stage 1
12 33
47 48
11 24
42 30
40 28
37 50
34 11
20 43
48 33
34 35
16 47
41 44
26 49
18 46
19 18
34 45
19 47
37 42
21 47
37 33
46 43
42 24
25 27
35 23
36 38
10 50
39 38
11 34
13 49
31 38
# Stage 2
43 12 39
45 46 11
29 10 29
32 33 33
48 26 11
40 20 18
13 37 27
20 10 26
36 25 19
46 12 17
12 27 30
23 19 46
25 12 46
45 21 11
16 20 38
44 21 15
38 20 44
45 34 20
48 36 42
36 25 35
18 16 13
24 19 11
11 38 17
11 46 26
50 48 22
32 30 40
35 34 45
35 21 34
31 33 35
23 36 46
# Stage 3
10 40 43
37 17 37
14 35 10
15 27 42
12 10 50
14 12 21
38 50 23
10 21 12
32 21 25
35 11 11
45 12 35
24 29 28
47 43 40
21 26 12
40 23 19
50 50 11
18 39 49
21 45 17
28 45 44
38 27 38
30 21 17
32 47 22
24 22 39
50 18 13
18 33 26
21 25 32
32 46 50
44 29 24
42 21 30
40 25 20
# Stage 4
24 23
28 23
46 43
20 41
50 34
36 28
32 11
34 34
26 16
27 31
35 26
18 38
16 31
19 49
31 31
28 32
14 28
31 23
14 45
17 50
40 44
36 18
24 43
25 50
24 45
36 12
16 47
27 21
42 26
48 37
