20 3
3 3 2
# Stage 1
45 30 18
45 44 29
42 22 37
20 19 16
41 24 23
42 45 42
19 40 23
11 14 37
14 18 41
20 18 13
45 28 31
31 16 25
27 26 10
46 28 50
18 32 37
21 22 35
48 27 11
33 16 28
46 28 47
41 17 17
# Stage 2
24 19 31
40 44 30
37 17 10
33 37 36
30 10 47
50 35 40
37 48 26
19 33 22
39 46 24
50 46 20
24 19 20
27 47 37
46 43 45
35 46 37
10 39 43
28 12 50
16 11 11
10 31 33
15 48 38
42 38 16
# Stage 3
38 47
15 40
20 23
14 48
22 25
32 12
35 44
37 12
27 49
11 30
35 37
15 24
39 30
17 13
14 22
18 23
47 16
18 25
26 30
22 18
